M1: 3.3541216147282184e-05
M2: 2.9718148784833973e+20
M3: 2.279727712453616e+22
M4: 2.394025695685082e+21
M5: 7.219331393751133e-05
M6: 0.027495986913863207
M7: 0.1319465926797732
M8: -0.00021527911724481265
M9: -0.000762837204503918
W3: 3.710913231619136
W4: 0.437860124920975
