M1: 2.4306817379
M2: 5.2092104602
M3: 0.0069909351
M4: 0.0094789845
M5: 0.0000770735
M6: 0.0207946703
M7: 0.1747508127
M8: 0.0003110062
M9: -0.0009030903
W3: 4.5636040696
W4: 0.4428851025
Perimeter: 2002.0000000000
Area: 10304.0000000000
Perimeter/area ratio: 0.1942934783
Aspect ratio 2.7777777778