M1: 2.0405991096
M2: 3.5394576852
M3: 0.0037225793
M4: 0.0068263222
M5: 0.0000342615
M6: 0.0116578684
M7: 0.1561467602
M8: 0.0003879679
M9: -0.0006414918
W3: 4.5273926408
W4: 0.4165351915
Perimeter: 2624.0000000000
Area: 17934.0000000000
Perimeter/area ratio: 0.1463142634
Aspect ratio 2.6000000000