M1: 3.2266102132
M2: 9.1304844785
M3: 0.0413059224
M4: 0.0509281348
M5: 0.0023355477
M6: 0.1499451958
M7: 0.3201322474
M8: 0.0012027766
M9: -0.0018764603
W3: 22.3211572477
W4: 0.5074902940
Perimeter: 19981.0000000000
Area: 58415.0000000000
Perimeter/area ratio: 0.3420525550