M1: 3.2110328805
M2: 9.1150871912
M3: 0.0515037049
M4: 0.0624312666
M5: 0.0035401496
M6: 0.1819175263
M7: 0.2989112422
M8: 0.0013659452
M9: -0.0026499415
W3: 25.2111762257
W4: 0.5001673239
Perimeter: 19816.0000000000
Area: 45483.0000000000
Perimeter/area ratio: 0.4356792648