M1: 3.2841196648
M2: 10.0996831973
M3: 0.0290975472
M4: 0.0267958594
M5: 0.0007481523
M6: 0.0827497148
M7: 0.1714396939
M8: -0.0002877110
M9: -0.0013555805
W3: 4.5558209616
W4: 0.3907586669
