M1: 2.3388248007
M2: 4.8425700181
M3: 0.0066357947
M4: 0.0077534568
M5: 0.0000554745
M6: 0.0152076355
M7: 0.1568828576
M8: 0.0001397078
M9: -0.0006981133
W3: 5.1054015338
W4: 0.4299966465
Perimeter: 4867.0000000000
Area: 50569.0000000000
Perimeter/area ratio: 0.0962447349
Aspect ratio 2.7845303867