M1: 2.6666413970
M2: 6.2921243666
M3: 0.0183701302
M4: 0.0203583858
M5: 0.0003929839
M6: 0.0503991763
M7: 0.2047129934
M8: 0.0002485319
M9: -0.0006515537
W3: 4.3458692045
W4: 0.4560101011
Perimeter: 3224.0000000000
Area: 28943.0000000000
Perimeter/area ratio: 0.1113913554
Aspect ratio 2.8181818182