M1: 2.5042250719
M2: 5.7089024757
M3: 0.0122589359
M4: 0.0125338520
M5: 0.0001553605
M6: 0.0291077891
M7: 0.1405601837
M8: 0.0000343645
M9: -0.0002984616
W3: 5.7411440670
W4: 0.3952953381
Perimeter: 8076.0000000000
Area: 114213.0000000000
Perimeter/area ratio: 0.0707099892
Aspect ratio 3.0603773585