M1: 2.7221044789
M2: 6.8820664231
M3: 0.0134292336
M4: 0.0117070007
M5: 0.0001467366
M6: 0.0274959869
M7: 0.1319465927
M8: -0.0002152791
M9: -0.0007628372
W3: 3.7109132316
W4: 0.4378601249
Perimeter: 5676.0000000000
Area: 115522.0000000000
Perimeter/area ratio: 0.0491334984
Aspect ratio 3.0000000000